AB 1 2 1.887
AF 1 6 0.843
BC 2 3 1.268
BG 2 7 1.179
CD 3 4 2.052
CH 3 8 1.95
DE 4 5 2.317
DI 4 9 0.948
EJ 5 10 1.517
FG 6 7 0.851
FK 6 11 1.172
GH 7 8 1.659
GL 7 12 0.845
HI 8 9 1.138
HM 8 13 1.905
IJ 9 10 1.726
IN 9 14 1.175
JO 10 15 1.802
KL 11 12 2.176
KP 11 16 0.811
LM 12 13 2.17
LQ 12 17 1.987
MN 13 14 1.378
MR 13 18 1.064
NO 14 15 2.427
NS 14 19 1.372
OT 15 20 0.958
PQ 16 17 0.964
PU 16 21 2.241
QR 17 18 1.826
QV 17 22 2.172
RS 18 19 2.041
RW 18 23 1.712
ST 19 20 2.454
SX 19 24 1.444
TY 20 25 1.738
UV 21 22 2.21
VW 22 23 1.851
WX 23 24 2.265
XY 24 25 1.781